terminate called after throwing an instance of 'cv::Exception'
  what():  OpenCV(3.4.12) /home/artur/builded_apps/opencv/modules/imgproc/src/color.cpp:182: error: (-215:Assertion failed) !_src.empty() in function 'cvtColor'

terminate called after throwing an instance of 'cv::Exception'
  what():  OpenCV(3.4.12) /home/artur/builded_apps/opencv/modules/imgproc/src/color.cpp:182: error: (-215:Assertion failed) !_src.empty() in function 'cvtColor'

terminate called after throwing an instance of 'terminate called after throwing an instance of 'terminate called after throwing an instance of 'cv::Exceptioncv::Exception'
cv::Exception'
'
  what():    what():    what():  OpenCV(3.4.12) /home/artur/builded_apps/opencv/modules/imgproc/src/color.cpp:182: error: (-215:Assertion failed) !_src.empty() in function 'cvtColor'
OpenCV(3.4.12) /home/artur/builded_apps/opencv/modules/imgproc/src/color.cpp:182: error: (-215:Assertion failed) !_src.empty() in function 'cvtColor'
OpenCV(3.4.12) /home/artur/builded_apps/opencv/modules/imgproc/src/color.cpp:182: error: (-215:Assertion failed) !_src.empty() in function 'cvtColor'



terminate called after throwing an instance of 'cv::Exception'
  what():  OpenCV(3.4.12) /home/artur/builded_apps/opencv/modules/imgproc/src/color.cpp:182: error: (-215:Assertion failed) !_src.empty() in function 'cvtColor'

terminate called after throwing an instance of 'cv::Exception'
  what():  OpenCV(3.4.12) /home/artur/builded_apps/opencv/modules/imgproc/src/color.cpp:182: error: (-215:Assertion failed) !_src.empty() in function 'cvtColor'

Imagem HDR
S:0.999998
[0.015026101, 0.028568972, 0.035390727, 0.028568972, 0.015026101;
 0.028568972, 0.054317895, 0.067288034, 0.054317895, 0.028568972;
 0.035390727, 0.067288034, 0.083355203, 0.067288034, 0.035390727;
 0.028568972, 0.054317895, 0.067288034, 0.054317895, 0.028568972;
 0.015026101, 0.028568972, 0.035390727, 0.028568972, 0.015026101]
Imagem HDR
S:0.999998
[0.015026101, 0.028568972, 0.035390727, 0.028568972, 0.015026101;
 0.028568972, 0.054317895, 0.067288034, 0.054317895, 0.028568972;
 0.035390727, 0.067288034, 0.083355203, 0.067288034, 0.035390727;
 0.028568972, 0.054317895, 0.067288034, 0.054317895, 0.028568972;
 0.015026101, 0.028568972, 0.035390727, 0.028568972, 0.015026101]
Imagem HDR
S:0.999998
[0.015026101, 0.028568972, 0.035390727, 0.028568972, 0.015026101;
 0.028568972, 0.054317895, 0.067288034, 0.054317895, 0.028568972;
 0.035390727, 0.067288034, 0.083355203, 0.067288034, 0.035390727;
 0.028568972, 0.054317895, 0.067288034, 0.054317895, 0.028568972;
 0.015026101, 0.028568972, 0.035390727, 0.028568972, 0.015026101]
Imagem HDR
S:0.999998
[0.015026101, 0.028568972, 0.035390727, 0.028568972, 0.015026101;
 0.028568972, 0.054317895, 0.067288034, 0.054317895, 0.028568972;
 0.035390727, 0.067288034, 0.083355203, 0.067288034, 0.035390727;
 0.028568972, 0.054317895, 0.067288034, 0.054317895, 0.028568972;
 0.015026101, 0.028568972, 0.035390727, 0.028568972, 0.015026101]
Imagem HDR
S:0.999998
[0.015026101, 0.028568972, 0.035390727, 0.028568972, 0.015026101;
 0.028568972, 0.054317895, 0.067288034, 0.054317895, 0.028568972;
 0.035390727, 0.067288034, 0.083355203, 0.067288034, 0.035390727;
 0.028568972, 0.054317895, 0.067288034, 0.054317895, 0.028568972;
 0.015026101, 0.028568972, 0.035390727, 0.028568972, 0.015026101]
Imagem HDR
S:0.999998
[0.015026101, 0.028568972, 0.035390727, 0.028568972, 0.015026101;
 0.028568972, 0.054317895, 0.067288034, 0.054317895, 0.028568972;
 0.035390727, 0.067288034, 0.083355203, 0.067288034, 0.035390727;
 0.028568972, 0.054317895, 0.067288034, 0.054317895, 0.028568972;
 0.015026101, 0.028568972, 0.035390727, 0.028568972, 0.015026101]
Imagem HDR
S:0.999998
[0.015026101, 0.028568972, 0.035390727, 0.028568972, 0.015026101;
 0.028568972, 0.054317895, 0.067288034, 0.054317895, 0.028568972;
 0.035390727, 0.067288034, 0.083355203, 0.067288034, 0.035390727;
 0.028568972, 0.054317895, 0.067288034, 0.054317895, 0.028568972;
 0.015026101, 0.028568972, 0.035390727, 0.028568972, 0.015026101]
Imagem HDR
S:0.999998
[0.023527877, 0.033969458, 0.03839317, 0.033969458, 0.023527877;
 0.033969458, 0.049044974, 0.05543191, 0.049044974, 0.033969458;
 0.03839317, 0.05543191, 0.062650591, 0.05543191, 0.03839317;
 0.033969458, 0.049044974, 0.05543191, 0.049044974, 0.033969458;
 0.023527877, 0.033969458, 0.03839317, 0.033969458, 0.023527877]
Imagem HDR
S:0.999998
[0.023527877, 0.033969458, 0.03839317, 0.033969458, 0.023527877;
 0.033969458, 0.049044974, 0.05543191, 0.049044974, 0.033969458;
 0.03839317, 0.05543191, 0.062650591, 0.05543191, 0.03839317;
 0.033969458, 0.049044974, 0.05543191, 0.049044974, 0.033969458;
 0.023527877, 0.033969458, 0.03839317, 0.033969458, 0.023527877]
Imagem HDR
S:0.999998
[0.023527877, 0.033969458, 0.03839317, 0.033969458, 0.023527877;
 0.033969458, 0.049044974, 0.05543191, 0.049044974, 0.033969458;
 0.03839317, 0.05543191, 0.062650591, 0.05543191, 0.03839317;
 0.033969458, 0.049044974, 0.05543191, 0.049044974, 0.033969458;
 0.023527877, 0.033969458, 0.03839317, 0.033969458, 0.023527877]
Imagem HDR
S:0.999998
[0.023527877, 0.033969458, 0.03839317, 0.033969458, 0.023527877;
 0.033969458, 0.049044974, 0.05543191, 0.049044974, 0.033969458;
 0.03839317, 0.05543191, 0.062650591, 0.05543191, 0.03839317;
 0.033969458, 0.049044974, 0.05543191, 0.049044974, 0.033969458;
 0.023527877, 0.033969458, 0.03839317, 0.033969458, 0.023527877]
Imagem HDR
S:0.999998
[0.023527877, 0.033969458, 0.03839317, 0.033969458, 0.023527877;
 0.033969458, 0.049044974, 0.05543191, 0.049044974, 0.033969458;
 0.03839317, 0.05543191, 0.062650591, 0.05543191, 0.03839317;
 0.033969458, 0.049044974, 0.05543191, 0.049044974, 0.033969458;
 0.023527877, 0.033969458, 0.03839317, 0.033969458, 0.023527877]
Imagem HDR
S:0.999998
[0.023527877, 0.033969458, 0.03839317, 0.033969458, 0.023527877;
 0.033969458, 0.049044974, 0.05543191, 0.049044974, 0.033969458;
 0.03839317, 0.05543191, 0.062650591, 0.05543191, 0.03839317;
 0.033969458, 0.049044974, 0.05543191, 0.049044974, 0.033969458;
 0.023527877, 0.033969458, 0.03839317, 0.033969458, 0.023527877]
Imagem HDR
S:0.999998
[0.023527877, 0.033969458, 0.03839317, 0.033969458, 0.023527877;
 0.033969458, 0.049044974, 0.05543191, 0.049044974, 0.033969458;
 0.03839317, 0.05543191, 0.062650591, 0.05543191, 0.03839317;
 0.033969458, 0.049044974, 0.05543191, 0.049044974, 0.033969458;
 0.023527877, 0.033969458, 0.03839317, 0.033969458, 0.023527877]
Imagem HDR
S:1
[0.028671635, 0.036333174, 0.039317392, 0.036333174, 0.028671635;
 0.036333174, 0.046041999, 0.049823653, 0.046041999, 0.036333174;
 0.039317392, 0.049823653, 0.05391591, 0.049823653, 0.039317392;
 0.036333174, 0.046041999, 0.049823653, 0.046041999, 0.036333174;
 0.028671635, 0.036333174, 0.039317392, 0.036333174, 0.028671635]
Imagem HDR
S:1
[0.028671635, 0.036333174, 0.039317392, 0.036333174, 0.028671635;
 0.036333174, 0.046041999, 0.049823653, 0.046041999, 0.036333174;
 0.039317392, 0.049823653, 0.05391591, 0.049823653, 0.039317392;
 0.036333174, 0.046041999, 0.049823653, 0.046041999, 0.036333174;
 0.028671635, 0.036333174, 0.039317392, 0.036333174, 0.028671635]
Imagem HDR
S:1
[0.028671635, 0.036333174, 0.039317392, 0.036333174, 0.028671635;
 0.036333174, 0.046041999, 0.049823653, 0.046041999, 0.036333174;
 0.039317392, 0.049823653, 0.05391591, 0.049823653, 0.039317392;
 0.036333174, 0.046041999, 0.049823653, 0.046041999, 0.036333174;
 0.028671635, 0.036333174, 0.039317392, 0.036333174, 0.028671635]
Imagem HDR
S:1
[0.028671635, 0.036333174, 0.039317392, 0.036333174, 0.028671635;
 0.036333174, 0.046041999, 0.049823653, 0.046041999, 0.036333174;
 0.039317392, 0.049823653, 0.05391591, 0.049823653, 0.039317392;
 0.036333174, 0.046041999, 0.049823653, 0.046041999, 0.036333174;
 0.028671635, 0.036333174, 0.039317392, 0.036333174, 0.028671635]
Imagem HDR
S:1
[0.028671635, 0.036333174, 0.039317392, 0.036333174, 0.028671635;
 0.036333174, 0.046041999, 0.049823653, 0.046041999, 0.036333174;
 0.039317392, 0.049823653, 0.05391591, 0.049823653, 0.039317392;
 0.036333174, 0.046041999, 0.049823653, 0.046041999, 0.036333174;
 0.028671635, 0.036333174, 0.039317392, 0.036333174, 0.028671635]
Imagem HDR
S:1
[0.028671635, 0.036333174, 0.039317392, 0.036333174, 0.028671635;
 0.036333174, 0.046041999, 0.049823653, 0.046041999, 0.036333174;
 0.039317392, 0.049823653, 0.05391591, 0.049823653, 0.039317392;
 0.036333174, 0.046041999, 0.049823653, 0.046041999, 0.036333174;
 0.028671635, 0.036333174, 0.039317392, 0.036333174, 0.028671635]
Imagem HDR
S:1
[0.028671635, 0.036333174, 0.039317392, 0.036333174, 0.028671635;
 0.036333174, 0.046041999, 0.049823653, 0.046041999, 0.036333174;
 0.039317392, 0.049823653, 0.05391591, 0.049823653, 0.039317392;
 0.036333174, 0.046041999, 0.049823653, 0.046041999, 0.036333174;
 0.028671635, 0.036333174, 0.039317392, 0.036333174, 0.028671635]
